(10000, 1, 15, 21, 27, 33, 34, 35)
(10001, 11, 16, 22, 28, 34)
(10002, 17, 7, 13, 19, 25, 31)
(10003, 29, 34, 33, 32, 31, 25, 19, 13, 7)
(10004, 50, 22, 21, 20, 14, 8, 2)
(10005, 75, 20, 14, 8, 2)
(10006, 90, 21, 20, 14, 8, 2)
(10007, 98, 23, 22, 21, 20, 14, 8, 2)
(10008, 128, 31, 25, 19, 13, 7, 1)
(10009, 138, 30, 29, 28, 27, 26, 20, 14, 8)
(10010, 152, 33, 32, 26, 20, 14, 8, 2)
(10011, 182, 15, 21, 27, 33)
(10012, 197, 21, 20, 14, 8, 2)
(10013, 205, 35, 29, 30, 24, 18, 12)
(10014, 230, 16, 22, 28, 34, 35, 36)
(10015, 255, 1, 7, 13, 19, 25, 26, 27, 28)
(10016, 290, 22, 21, 20, 19, 13, 7, 1)
(10017, 320, 9, 15, 21, 27, 33, 32)
(10018, 330, 13, 19, 25, 31)
(10019, 339, 15, 21, 27, 33, 34, 35)
(10020, 364, 27, 28, 29, 23, 17, 11, 5)
(10021, 376, 12, 18, 24, 30, 36, 35)
(10022, 391, 4, 10, 16, 22, 28, 29, 30)
(10023, 421, 21, 20, 14, 8, 2)
(10024, 429, 25, 26, 27, 28, 29, 23, 17, 11, 5)
(10025, 445, 35, 34, 28, 22, 16)
(10026, 457, 26, 25, 19, 13, 7)
(10027, 477, 18, 24, 30, 36)
(10028, 492, 4, 10, 16, 22, 28, 34, 35)
(10029, 504, 18, 24, 30, 36)
(10030, 513, 26, 20, 14, 8, 2)
(10031, 525, 32, 33, 34, 35, 29, 23, 17, 11, 5)
(10032, 541, 8, 14, 20, 26, 32, 33, 34)
(10033, 571, 33, 34, 35, 36, 30, 24, 18, 12, 6)
(10034, 595, 2, 8, 14, 20, 21, 22, 23)
(10035, 613, 1, 7, 13, 19)
(10036, 619, 7, 13, 19, 25, 31, 32)
(10037, 629, 19, 13, 7, 1)
(10038, 638, 35, 29, 30, 24, 18, 12, 6)
(10039, 656, 11, 17, 23, 29, 35, 36)
(10040, 681, 31, 32, 33, 34, 35, 36, 30, 24, 18, 12, 6)
(10041, 731, 16, 22, 28, 34)
(10042, 740, 31, 32, 33, 27, 21, 15, 9)
(10043, 758, 27, 21, 15, 9)
(10044, 773, 23, 22, 21, 20, 14, 8, 2)
(10045, 791, 2, 8, 14, 20, 26, 27, 28, 29)
(10046, 812, 22, 21, 20, 19, 13, 7, 1)
(10047, 842, 16, 22, 28, 34)
(10048, 851, 1, 7, 13, 19, 25, 31)
(10049, 866, 4, 10, 16, 22, 23)
(10050, 886, 15, 21, 27, 33, 34)
(10051, 894, 9, 15, 21, 27, 28, 29, 30)
(10052, 924, 14, 20, 26, 32)
(10053, 930, 9, 15, 21, 27, 28, 29, 30)
(10054, 960, 8, 14, 20, 26, 32, 33, 34, 35)
(10055, 974, 2, 8, 14, 20, 21, 22)
(10056, 999, 16, 22, 28, 34, 35)
(10057, 1019, 31, 32, 33, 34, 28, 22, 16, 10)
(10058, 1033, 24, 23, 22, 16, 10, 4)
(10059, 1058, 4, 10, 16, 22, 28, 29)
(10060, 1083, 14, 20, 26, 32, 33, 34, 35, 36)
(10061, 1104, 12, 18, 24, 30, 36, 35, 34)
(10062, 1122, 4, 10, 16, 22)
(10063, 1128, 13, 19, 25, 31, 32, 33)
(10064, 1153, 23, 22, 21, 20, 19, 13, 7, 1)
(10065, 1188, 3, 9, 15, 21, 27, 33, 32, 31)
(10066, 1209, 35, 34, 33, 32, 31, 25, 19, 13, 7)
(10067, 1233, 18, 24, 30, 36)
(10068, 1239, 6, 12, 18, 24, 30, 36, 35, 34, 33)
(10069, 1279, 9, 15, 21, 27, 33, 32)
(10070, 1289, 16, 22, 28, 34, 35, 36)
(10071, 1314, 35, 34, 28, 22, 16)
(10072, 1334, 34, 33, 32, 26, 20, 14, 8, 2)
(10073, 1348, 23, 22, 21, 20, 14, 8, 2)
(10074, 1366, 33, 32, 26, 20, 14)
(10075, 1378, 17, 23, 29, 35, 36)
(10076, 1398, 33, 32, 26, 20, 14, 8, 2)
(10077, 1416, 3, 9, 15, 21, 27)
(10078, 1424, 3, 9, 15, 21, 27, 33, 32)
(10079, 1454, 15, 21, 27, 33, 34)
(10080, 1474, 24, 23, 22, 21, 20, 14, 8, 2)
(10081, 1495, 9, 15, 21, 27, 28)
(10082, 1507, 27, 26, 25, 19, 13, 7, 1)
(10083, 1519, 36, 30, 24, 18, 12, 6)
(10084, 1534, 10, 16, 22, 28, 29, 30)
(10085, 1544, 34, 35, 36, 30, 24, 18, 12)
(10086, 1556, 25, 26, 27, 21, 15, 9, 3)
(10087, 1574, 21, 20, 19, 13, 7, 1)
(10088, 1584, 18, 24, 30, 36)
(10089, 1593, 22, 21, 15, 9, 3)
(10090, 1613, 4, 10, 16, 22, 23)
(10091, 1625, 35, 29, 23, 17, 11, 5)
(10092, 1635, 27, 26, 25, 19, 13, 7)
(10093, 1660, 19, 13, 7, 1)
(10094, 1669, 22, 16, 10, 4)
(10095, 1684, 24, 18, 12, 6)
(10096, 1693, 34, 33, 32, 26, 20, 14)
(10097, 1708, 14, 20, 26, 32, 33, 34, 35)
(10098, 1738, 12, 18, 24, 30)
(10099, 1744, 36, 30, 24, 18, 12)
(10100, 1752, 14, 20, 26, 32)
(10101, 1758, 8, 14, 20, 26, 32, 31)
(10102, 1768, 20, 14, 8, 2)
(10103, 1783, 1, 7, 13, 19, 25, 31, 32, 33, 34, 35, 36)
(10104, 1813, 9, 15, 21, 27, 33)
(10105, 1825, 16, 22, 28, 34, 35, 36)
(10106, 1835, 26, 25, 19, 13, 7)
(10107, 1855, 5, 11, 17, 23, 29, 35, 34, 33)
(10108, 1876, 25, 19, 13, 7)
(10109, 1882, 14, 20, 26, 32)
(10110, 1897, 11, 17, 23, 29, 30)
(10111, 1905, 32, 33, 34, 28, 22, 16, 10)
(10112, 1917, 17, 23, 29, 35, 36)
(10113, 1929, 25, 26, 27, 28, 29, 23, 17, 11, 5)
(10114, 1969, 7, 13, 19, 25, 26, 27, 28, 29, 30)
(10115, 1985, 2, 8, 14, 20, 26)
(10116, 2005, 28, 27, 26, 20, 14, 8, 2)
(10117, 2017, 14, 20, 26, 32, 33)
(10118, 2025, 7, 13, 19, 25, 26)
(10119, 2037, 26, 25, 19, 13, 7, 1)
(10120, 2047, 20, 14, 8, 2)
(10121, 2062, 33, 32, 31, 25, 19, 13, 7)
(10122, 2092, 8, 14, 20, 26, 32, 31)
(10123, 2102, 35, 29, 23, 17, 11)
(10124, 2122, 28, 29, 23, 17, 11, 5)
(10125, 2132, 10, 16, 22, 28, 34, 35)
(10126, 2147, 5, 11, 17, 23, 29, 35)
(10127, 2172, 20, 14, 8, 2)
